188.22524678636597
189.88518556339872
124.71707207180772
197.68982744548632
142.92913791139517
169.77005571659555
129.2833829138461
170.32021573274574
161.45005686147653
189.0870781954732
108.73430068079433
155.79661287362032
118.28281141043641
161.98573670889027
107.46519152491013
185.19711924566195
175.61480131858576
103.1818843438576
158.75292486024938
105.47445890387192
102.89335457757593
118.6625415608042
106.7705652238405
192.3930813189661
147.9041704905349
173.46406644573773
129.1686718038342
173.39636331319218
171.6563705387503
104.11709689473403
196.5909394116074
180.5852403426531
130.1705192149493
127.43366756662712
184.1053273358704
158.38404600089632
197.69165685693446
147.01896799647844
118.76996961126466
170.48890760018946
177.90026497358326
174.22219512469746
107.4165811837799
186.33854616978886
142.3697801482811
161.1980216168731
139.22220301643884
178.6169116963454
168.82015190129613
190.33223151816787
198.75355990742548
130.1915581855199
125.64259013025693
176.49206402329264
156.90648187585833
131.41122931157398
163.7215666255421
116.39389898988146
129.5261433873433
146.83065589317405
131.75582795648486
162.83789970280395
106.48221652542802
144.2000731098279
127.08097008026465
110.64128408398236
157.58620883010136
107.95151977983507
130.42194383239524
155.80891625815084
115.97664091991119
104.43352902308078
150.05460815827894
129.81195871457624
124.46093470061979
126.79027727405095
118.53122288704088
116.80232525213484
105.79118028008597
123.6508980932246
143.4256107945742
133.17273523878464
183.9642616010304
107.68910707878702
112.47939315476603
186.0791980691847
140.37504743272774
147.63284627048057
193.08162073793608
130.37475157588233
136.01467007305845
170.4482245343142
146.1897870749352
111.86039004183515
168.89421310550443
139.19148829173136
195.6010474472177
118.84103196056665
164.48735669728555
126.41735345907881
154.90823557881896
163.68152543851892
116.22385557826516
173.05153660505977
116.52609109494965
181.38964693919672
102.92899454330819
108.27983350249768
149.84876840701662
163.21010601301353
110.59242526705403
107.27566158046923
138.90067756315932
139.79559212001914
176.9631302868869
180.4824885742919
113.76827811982889
190.72793582851364
159.20543783796884
120.68712468267212
194.65139204461917
184.99450556092728
197.21441373385528
182.2643465247166
172.5482758331994
150.48193474242512
108.17713664260256
130.74289417585626
196.38955734980098
129.6313753432685
101.5797172822899
180.23739748011957
122.86182834235404
103.10648483607831
148.09813732712894
131.31029982090885
112.21258551094876
153.65731772716802
170.67433733742064
132.4724385398761
121.00384862418323
198.32045295597194
151.56719019136446
114.80037727542165
151.08272717686353
138.67759308310374
165.28134638665279
191.04321086558411
162.96282565520522
166.10197628127486
154.01516495422865
168.1110413584014
151.36131833254845
111.75396160188426
159.632252731452
194.98187463339343
110.81214392947179
149.5441578094868
114.14941510861901
156.8331889711193
190.0766972660818
144.36451245015172
169.34708650235342
130.59901819459864
145.49909425947445
187.59481604445665
115.3466123660196
137.17285966015254
155.50386076948482
177.22408550989718
197.8620235053044
161.12127597263236
151.1097404005148
180.88336052779485
194.32220464856871
160.04260602305754
150.63403771135947
166.66841415370357
150.1727005433305
152.599700032584
160.68771253421681
198.83798592665238
108.40460079489227
156.7751550040709
120.1122586538172
173.30511787995886
187.72130917481917
148.04202169119867
118.68509587693573
111.29624067268415
177.74222128132493
120.91253239684463
118.22108996571892
138.63466059376708
123.25563570851298
166.7218937142431
140.12352046646907
152.81215317941388
163.77153824139307
125.52372489608904
160.4886163201545
120.34440261274281
179.4881202404041
130.61827703634202
171.54358835532867
152.86300665054736
170.27421800814983
140.5040587206534
126.4988243819618
181.97888826044755
160.38312711953813
144.93807521615798
183.820742028805
190.158894097445
178.35151404915229
139.3093713850907
106.48250808105878
157.68945465834463
108.90047953135061
184.67513660359327
151.92572294206914
154.2581870466101
151.64400340210287
109.57813701578586
109.2668028288475
137.7663371066447
150.0234408997904
164.15877735077675
101.70773517041515
122.69203837953285
173.12482565681677
107.09464786572552
174.16150856154022
145.6563469791623
142.89923081458127
191.5449057554368
128.77843400962357
186.80104309999143
199.79451833659508
117.54639081730521
154.36027394993746
102.16928932691735
190.92022912761246
135.20292416522307
119.57487463711661
184.48716629527942
146.60560250925852
115.52873121300684
164.43484412781845
197.57621474205433
183.57396114021492
153.95149265686953
129.67953247524687
123.08411051523521
135.9450266370257
135.25004503851602
109.50039435958277
117.30264510966359
168.89001976048897
168.09629272079877
199.47554452349348
100.5491893672326
174.00258747776138
192.3904065827065
138.63018403680107
191.9198953662265
180.31203617889142
173.22293551476383
112.21526020410755
158.17986837513777
140.35346808427477
121.56697930458304
190.09756907053247
167.13761673616565
166.8228199235186
123.69809852788978
124.58026812431615
123.05809130939784
102.08301990983269
118.8591954249267
121.02354522924762
114.5006813300474
100.15079101916515
137.8320583155098
124.81098357433662
123.42551801853708
188.7818910686068
103.84690848057872
139.00792977961453
128.49354773202145
157.8858571490906
101.65570985168138
198.48395794890376
185.1927807933559
189.73965532636697
140.61458573265543
178.32231747214144
180.7552088335929
106.33281607526487
173.2652319641387
107.01500757754889
142.785912861256
159.66504163496649
182.17469709948216
188.2429219542242
127.10786824683413
131.93044292154693
114.6874826930441
108.96629558418502
122.53305827716136
144.26090761006026
127.76341593431223
126.10143194706919
188.10246369046763
195.06438057352892
103.21928776358472
179.23550970977874
181.79458626107817
161.98206943158843
107.46177565263274
172.63202679665295
148.78415760489472
105.10194586084239
199.19372464022933
106.20522576023781
112.03973340486627
103.30411592024777
133.59535804104513
112.1926337965311
148.3809171148912
140.4769839317614
172.1265333151947
171.9306122792816
139.07292287529742
133.83134832674705
183.36570717141268
145.43860840050257
155.61833563354244
162.65291105304823
112.1957793957356
145.44358771510758
178.61284007754728
112.57193260887577
102.16653208627612
127.0268951360266
150.36377873806111
197.79202981610226
179.00790138786712
144.25156109370477
130.427444453577
161.70843926079516
142.03786461208074
145.9288764134295
157.30300437588562
184.9592994506666
164.6032431542165
144.1088637423369
119.22799464437738
149.19184331347762
174.7112645234813
190.92994543511563
102.35238995059326
114.68862064023801
172.65423101076146
142.13904107400788
115.52523316291807
170.4871647861101
143.69923468997695
168.89399475360034
187.50987089748398
106.73983467676933
140.80929569509487
103.38605758719306
194.65087113671063
140.7988095414
144.88193768308463
168.37092597297817
104.84772553354279
100.8744792124749
158.13566216312688
145.87262208961067
117.14746040724091
134.10381243128361
150.04435039827203
186.1252834807361
135.35033388843712
159.47850268150236
154.6141633262191
144.24369002560695
138.72981068151475
130.32103151010443
112.81699659863106
159.16417656411068
103.30002965503749
105.86000274608111
164.63915672723715
157.07331340808418
183.0210591395403
156.9444691247289
121.47334848597187
169.84257566156418
181.91417371117598
147.05015284194974
191.47671144338622
107.91293323250679
135.26653454677165
136.46883943918337
188.03706328335076
116.62414188817216
170.93657505665328
154.93542613609839
124.63415688030288
175.1592587968819
140.2285120994663
175.93546954136997
188.15214667976971
168.07568378113595
191.88637644133803
104.54923701320241
187.0941495693978
170.81985190204998
112.46501371796771
159.92671403914852
191.1691800637966
142.6734026393867
171.66754468447283
193.35113250058384
114.36635335821227
113.25454172973033
192.19576864231774
133.33697401863228
144.90074884538555
181.99899730669472
110.24207625550679
190.32166641406354
192.30987494967974
123.97078911771462
104.95843763620334
185.24843247170116
104.49917228480136
109.9038307504441
153.07004545058334
188.70106255750832
105.67958370766885
103.55113571540852
108.2582789835777
170.23968125714123
119.9096803235665
195.2191942677575
114.01963181203482
161.19980497384282
174.34942713731806
166.7908604644051
133.41431264530254
128.45531817480094
121.35215199243746
160.5908753964212
119.45023549856062
141.50927275620097
179.16586425201578
142.12395579048965
155.8051674656742
190.76465121921245
167.28454077476118
105.01609590967597
169.17181799849908
180.94056561262585
104.38457666431067
165.41557947937233
151.71769834356064
180.33765043188723
144.30112459701883
132.6609700929693
134.98358806974045
154.01960416537938
148.64352969371504
123.19905811470392
125.00151578970238
146.96625536146945
133.4186812379907
105.53662642271475
142.49515167223976
111.86666682449058
181.42554705397703
125.43561816723815
111.73255427298234
195.4591718454347
182.20374247457
162.61206163382536
106.93327185370894
107.18847925410033
146.96351388109386
112.87494073026377
196.08878228913966
194.43826686757515
147.1940180699032
172.94191872484083
118.63733127741506
139.710968352341
142.5413336666804
129.09466905151194
195.64122004280995
176.8647287325711
196.06716452856944
115.38726906328614
198.94666197911528
195.88082284034118
123.14374864255907
112.29699540404245
199.26334010921906
168.623054373233
184.00995768697993
102.50752979037891
172.18281790572024
181.66397461626815
109.40818121868226
186.94045570125672
165.86201920158663
106.49104667793226
143.74105672969588
191.2016659781222
124.42997493928422
172.2691213633145
100.83168590368513
160.28505914359883
117.13313950736665
131.82391420118614
153.64045073734434
147.67677372017155
144.81652278304222
127.62443958527045
121.18616260465775
153.92885820529236
182.5449801522327
171.28061069637312
173.438706066429
159.3221869039904
170.00102372733832
147.43557950132347
148.0949483025827
125.41411381582324
179.75250545057438
140.92053142045978
161.91917942746443
111.06721353143722
177.56563023931352
164.65309767925004
103.7238970218335
159.98115880934182
138.64569869705048
134.99869396396107
116.08626355272446
168.8006614716345
199.0201028665841
101.17743001451161
108.54010457825743
137.54809139989425
102.23504592279197
185.78754514293104
196.25285490694858
137.4302379065783
148.11954796592772
134.6295348573874
125.09137684836719
104.99442485245666
162.577307194929
105.75348370824462
126.5001110773563
186.1599741577005
185.1990011009886
150.01534987384977
143.75956749678448
108.82681542192726
114.94469254902197
148.41626350576763
184.9626582390475
158.56379070122276
163.2279778551932
175.1121589147017
187.44093829369797
168.30499994545647
138.44057789789707
149.219363117385
123.39236029056559
110.03333394394667
126.28812758964273
123.40501322374055
137.10662102082173
194.1060629250955
136.2648698108273
132.7394903417748
180.45378397866887
140.17820627284146
156.17710369653508
193.40132486615101
105.19634825371907
182.60514585969253
193.83215972196615
197.5632978591438
178.2044663916799
112.75669934339052
187.8417776822438
198.15176255178866
108.79856107624218
140.85075517086182
137.94578167738084
115.1594791838691
116.2131303163306
180.71519309825067
139.3439277669422
123.80556102903411
119.5700096059471
122.31277179619983
105.2309149246509
104.07434583617868
102.76896948369063
158.91429844368955
127.06151517879714
141.02839881079535
192.34798493361413
178.48127334603186
153.02982682792737
165.77901087838922
187.6351022604398
112.11991427099338
161.8287004363042
118.11093082142249
199.40830506125576
156.39433224656682
170.9624130586373
193.49631029421454
185.79936871019453
150.83728643606517
146.71767777905964
109.59612253047334
122.3221777955237
197.17288660964016
176.3551387403681
190.3355970424181
106.67553903376789
152.56621777772216
122.16550462745792
119.25352059086829
178.3650549852576
115.6408122341934
101.74152036178025
158.063496795013
128.20811054824807
151.05553690447982
129.14901242724738
161.2285596087152
183.43063756793225
166.1083304776318
107.6372543712579
142.83881011017377
180.3337738797615
161.13497259515754
186.11094521205334
168.1950482579811
178.40310632566923
124.39686326587318
178.793137482552
149.23961056198505
127.25270988358619
131.70253781780247
100.34043831683341
120.3389515036272
170.94073856062698
141.1834826462162
187.1288957809959
158.91074369376
162.96281361270118
144.44554860558324
159.51097239950263
194.00159948039664
169.62403997967385
146.74304603527372
129.55104307263284
115.15977110164708
159.50998822198568
100.87342873280785
174.0789233993326
153.81044351616174
112.4214871781075
112.16618319255113
173.857898231822
159.82957718124416
132.40763865676664
165.24039786256884
166.2458279431425
137.12548761184678
116.42601820796328
197.131214896044
170.9348812446043
133.77565378667543
112.6784506434578
155.93616654202222
126.18749749387332
104.6295121415413
100.81542995061007
139.3081715856094
116.44323185949773
177.27629598106853
139.9716451806918
102.92278861592565
181.25311341855058
155.89023820138914
159.9897340974997
165.47301057693653
170.20525042643624
191.70375467526827
116.20876946177259
113.79578623880295
148.83739082168472
133.7225113729063
188.83868186777414
129.4101516830978
166.48918918930224
148.7845115334406
184.21119431028131
116.04764068689045
168.62899473012033
166.17869877785415
187.09250703142246
106.68148870609161
173.39694651188933
158.7767882525706
120.7624096070446
168.11183195051592
134.9382778489329
119.99534466270977
194.70906979954395
101.33997055832657
184.55765430478363
133.89341461631514
158.55828406500723
156.76549870138098
174.8075108083964
164.32427764480002
135.25049063848635
144.66588041919434
151.33030442747895
108.29819350724563
176.49836518399886
123.4688755383664
142.60667933702703
168.57626179680045
169.2024096307572
191.00395064510548
188.71853190036114
101.00385971079365
122.77137605618282
187.21962306475652
126.81803343682955
183.20530647056887
184.18900886825202
140.77944854365887
113.20068058430986
132.99978932138623
160.18803328294948
156.50017268277307
189.71245778034526
177.261788876833
174.03690146320085
145.7713103806159
195.6782788483082
134.93756328960606
148.2143031859657
147.89621730453445
185.6208297791764
131.5425095371094
183.6410254074337
176.72051013935578
137.74605013774928
106.70252478452808
101.15820790715571
153.96445719934326
128.50345913050202
111.16576533397317
121.58566151158672
158.35173816630987
104.4865762780769
115.19943912547427
186.96334253875048
127.92776272379868
104.52075964504095
166.39963403680338
167.4737173801404
101.88654567467009
171.9927451319706
141.68039074193155
156.06219029126478
177.77583260725638
150.30826280919592
135.5715274619756
125.9173661065295
190.12607121806258
172.82111311069997
114.94304752255803
114.7423886449004
187.3494998533772
142.65910078803512
148.88718106759433
104.1432032509011
195.18146114805728
147.57929404129078
191.72741434603637
182.47904317798987
106.98681533929384
170.31707800759926
156.98719600132395
115.16502643097968
133.9301247541191
135.85050414506964
170.63917709743413
197.68625617408165
181.30901274436295
183.58348808045548
133.06924999240414
133.4773645807699
191.27595472632362
164.65840666672656
150.92781633230123
161.340946584714
106.72449159555401
142.4407408237475
122.40410726251156
155.22288877470476
166.2916126612497
117.67533450045539
172.44754793373863
132.93212025383963
136.22895111870713
108.89599413162404
138.0735475718449
139.78681900598286
121.3210288778235
193.377079800854
198.12927663019036
118.18870050856117
174.07978858591093
154.2478547062379
126.75835873119723
134.77146105187637
139.12022594928035
185.34731476904045
125.29163983576188
113.03905939568787
127.92287920201379
176.97931931239663
153.4044806588967
111.30399899062436
118.11460553226522
142.9348169554481
137.1193135247126
193.25534104232227
110.94989666906105
151.9800466370898
178.59547735087585
161.63065738612545
160.8508071541796
195.46657891597465
130.63664791617094
164.23574945748373
111.66424602312958
156.80111279252284
127.45940025583502
135.9503728611479
135.72128077496944
148.21998226847109
182.5048158565914
110.3778795869905
173.83379395938482
145.64535022963634
173.93822612928219
120.4410808796321
117.03967656905652
183.3570958696782
138.9705588123365
108.49625872320091
154.20847196512182
166.79642086556697
189.24795744533077
183.43177161490655
133.54520640959367
124.02428486511805
141.29467536194244
194.73717931700938
150.58090245888658
144.189720956855
128.35751852114814
141.67340954852216
180.4140648545279
144.8202104486168
122.98836168736756
199.44398656840787
117.76817466444523
168.8282618163318
153.31458833205798
123.6618565204218
174.85608274310323
136.83537504646918
140.1855556593043
189.42593239038843
114.09287496915573
170.74665594298847
117.24646964457722
131.9659323632279
160.37467661537056
160.46631138937272
121.4793694289383
182.08371069372387
145.94151712196148
167.22631168456647
157.8641332102158
131.51371037305537
189.76828717990506
144.20757242231588
148.5507822378029
120.84480123362165
102.97849415689653
107.96497270769369
174.29757017493347
115.79019888596784
141.95137525770417
112.62461530014204
103.91767463282227
126.36177496374864
101.593665359825
162.90373743280273
186.09055791946832
127.89953675986509
152.67312893938936
151.7107207727544
147.13236313220426
162.92663970984816
179.16171432040818
123.41467012173986
198.1829836613028
138.44478623063623
164.21200626304005
144.83108367599263
105.75573366561211
184.5543947546663
106.69139809254398
112.55213355989447
120.70882730819176
107.17850831183732
124.12422021112417
137.45716442314065
192.4361261287528
150.1888768716992
112.44281381951755
125.07096023616376
117.43796652046862
180.37719899132105
188.12432684169914
113.89446776047679
184.42106614063755
122.48407906546504
134.09081402297863
142.91460313845383
181.68988088513976
100.89272594553597
107.1759823741546
194.20684985769628
126.82998963812997
189.6139984787808
142.01267828553296
196.87638232297348
163.54742188427255
132.83390288450929
103.87107251297962
184.54046858761157
146.01608247306848
174.5641999401534
101.27818668216644
170.13694229799017
197.1987486574871
127.83130325027021
168.1752612033746
139.05055331682436
184.34534860908275
121.35817470856574
164.92020492546362
164.38107288814876
102.23556718379305
184.8384630477142
127.61814496585512
116.6340293405621
192.72104621972608
172.671659282083
116.06392285454892
174.19697509241038
157.73578703868458
180.4225782559558
172.0060935312805
140.67123661330865
142.18159857952057
178.28799755285007
